Epoch-500 0.6366  0.7480  0.8390  0.9063
Epoch-600 0.6519  0.7637  0.8482  0.9088
Epoch-700 0.6585  0.7736  0.8584  0.9132
Epoch-800 0.6609  0.7691  0.8574  0.9121
Epoch-200 0.5922  0.7164  0.8216  0.8958
Epoch-400 0.6261  0.7449  0.8390  0.9028
Epoch-600 0.6578  0.7770  0.8575  0.9159
Epoch-800 0.6626  0.7743  0.8567  0.9176
Epoch-900 0.6627  0.7792  0.8592  0.9148
Epoch-1000 0.6624  0.7807  0.8607  0.9183
Epoch-1200 0.6651  0.7775  0.8634  0.9180
Epoch-1400 0.6617  0.7772  0.8567  0.9156
Epoch-1600 0.6710  0.7785  0.8562  0.9166
Epoch-1800 0.6715  0.7794  0.8601  0.9191
Epoch-2000 0.6761  0.7836  0.8638  0.9186
