Epoch-700 0.6307  0.7476  0.8315  0.9004
Epoch-800 0.6344  0.7476  0.8337  0.8992
Epoch-200 0.5648  0.6936  0.8023  0.8839
Epoch-400 0.6015  0.7205  0.8163  0.8891
Epoch-600 0.6445  0.7510  0.8398  0.9065
Epoch-800 0.6391  0.7529  0.8454  0.9080
Epoch-900 0.6398  0.7519  0.8433  0.9092
Epoch-1000 0.6393  0.7512  0.8439  0.9078
Epoch-1200 0.6421  0.7581  0.8482  0.9095
Epoch-1400 0.6425  0.7537  0.8449  0.9050
Epoch-1600 0.6464  0.7539  0.8445  0.9060
Epoch-1800 0.6523  0.7583  0.8479  0.9088
Epoch-2000 0.6538  0.7593  0.8491  0.9099
