Epoch-400 0.8062  0.8816  0.9289  0.9598
Epoch-600 0.8267  0.8947  0.9352  0.9626
Epoch-800 0.8335  0.8979  0.9402  0.9642
Epoch-900 0.8364  0.9022  0.9405  0.9665
Epoch-950 0.8372  0.9022  0.9391  0.9647
Epoch-1000 0.8327  0.8992  0.9392  0.9635
Epoch-1050 0.8393  0.9026  0.9421  0.9664
Epoch-1100 0.8426  0.9048  0.9413  0.9663
Epoch-1200 0.8411  0.9043  0.9423  0.9653
Epoch-1400 0.8394  0.9032  0.9423  0.9648
Epoch-1600 0.8426  0.9043  0.9424  0.9618
Epoch-1800 0.8401  0.9033  0.9420  0.9654
Epoch-1900 0.8400  0.9027  0.9407  0.9646
Epoch-2000 0.8378  0.9005  0.9410  0.9654
