Epoch-400 0.8399  0.9014  0.9415  0.9678
Epoch-600 0.8560  0.9162  0.9504  0.9705
Epoch-800 0.8669  0.9244  0.9557  0.9748
Epoch-900 0.8707  0.9261  0.9561  0.9750
Epoch-950 0.8701  0.9250  0.9568  0.9731
Epoch-1000 0.8672  0.9233  0.9533  0.9744
Epoch-1050 0.8688  0.9255  0.9567  0.9749
Epoch-1100 0.8736  0.9277  0.9574  0.9743
Epoch-1200 0.8760  0.9271  0.9577  0.9742
Epoch-1400 0.8776  0.9306  0.9570  0.9754
Epoch-1600 0.8749  0.9301  0.9594  0.9747
Epoch-1800 0.8791  0.9314  0.9606  0.9748
Epoch-1900 0.8802  0.9341  0.9604  0.9760
Epoch-2000 0.8787  0.9287  0.9586  0.9763
