0.39285874366760254
Epoch-200 0.7909  0.8701  0.9210  0.9556
0.40708160400390625
Epoch-250 0.8123  0.8866  0.9328  0.9603
0.4122350215911865
Epoch-300 0.8150  0.8887  0.9322  0.9606
0.5001118183135986
Epoch-400 0.8159  0.8915  0.9340  0.9614
0.44713664054870605
Epoch-500 0.8218  0.8945  0.9352  0.9624
0.461956262588501
Epoch-700 0.8278  0.8983  0.9356  0.9645
0.3874695301055908
Epoch-800 0.8295  0.9005  0.9367  0.9646
0.5026884078979492
Epoch-900 0.8367  0.9017  0.9394  0.9664
0.4226682186126709
Epoch-1000 0.8359  0.9021  0.9401  0.9663
