0.4196949005126953
Epoch-200 0.7626  0.8464  0.9032  0.9459
0.42160487174987793
Epoch-250 0.7826  0.8632  0.9145  0.9498
0.4484539031982422
Epoch-300 0.7860  0.8639  0.9175  0.9501
0.4305436611175537
Epoch-400 0.7917  0.8673  0.9186  0.9514
0.4259910583496094
Epoch-500 0.7942  0.8696  0.9174  0.9522
0.3965187072753906
Epoch-700 0.7990  0.8718  0.9204  0.9515
0.4220283031463623
Epoch-800 0.8017  0.8759  0.9224  0.9540
0.3925819396972656
Epoch-900 0.8054  0.8765  0.9231  0.9539
0.40816187858581543
Epoch-1000 0.8063  0.8781  0.9240  0.9535
