Epoch-20 0.7083  0.8988  0.9258  0.9403  0.9488  0.9549
Epoch-40 0.7554  0.9198  0.9420  0.9537  0.9603  0.9648
Epoch-60 0.8001  0.9349  0.9530  0.9622  0.9683  0.9724
Epoch-80 0.8158  0.9396  0.9577  0.9664  0.9714  0.9750
Epoch-90 0.8209  0.9402  0.9578  0.9660  0.9707  0.9741
Epoch-100 0.8353  0.9461  0.9620  0.9685  0.9730  0.9767
Epoch-120 0.8488  0.9525  0.9655  0.9734  0.9776  0.9801
Epoch-140 0.8504  0.9522  0.9670  0.9731  0.9785  0.9806
Epoch-160 0.8557  0.9549  0.9685  0.9752  0.9792  0.9814
Epoch-180 0.8565  0.9540  0.9690  0.9752  0.9796  0.9821
Epoch-200 0.8576  0.9560  0.9698  0.9766  0.9802  0.9824
