Epoch-20 0.6967  0.8946  0.9254  0.9400  0.9489  0.9542
Epoch-40 0.7567  0.9228  0.9469  0.9584  0.9648  0.9700
Epoch-60 0.8041  0.9420  0.9601  0.9685  0.9732  0.9766
Epoch-80 0.8216  0.9470  0.9640  0.9715  0.9762  0.9788
Epoch-90 0.8258  0.9467  0.9638  0.9709  0.9755  0.9790
Epoch-100 0.8425  0.9545  0.9685  0.9758  0.9801  0.9823
Epoch-120 0.8595  0.9624  0.9743  0.9788  0.9826  0.9841
Epoch-140 0.8620  0.9634  0.9760  0.9805  0.9835  0.9852
Epoch-160 0.8650  0.9639  0.9769  0.9809  0.9838  0.9857
Epoch-180 0.8664  0.9650  0.9772  0.9821  0.9842  0.9857
Epoch-200 0.8684  0.9660  0.9775  0.9825  0.9845  0.9865
