Epoch-5 0.7750  0.9318  0.9537  0.9641  0.9705  0.9743


Epoch-10 0.8289  0.9514  0.9675  0.9739  0.9782  0.9812


Epoch-15 0.8429  0.9601  0.9733  0.9779  0.9814  0.9833


Epoch-20 0.8416  0.9608  0.9733  0.9785  0.9818  0.9842


Epoch-10 0.8289  0.9514  0.9675  0.9739  0.9782  0.9812


Epoch-20 0.8308  0.9505  0.9650  0.9723  0.9756  0.9785


Epoch-25 0.8574  0.9629  0.9758  0.9808  0.9848  0.9867


Epoch-30 0.8655  0.9653  0.9777  0.9826  0.9859  0.9877


Epoch-35 0.8667  0.9667  0.9787  0.9828  0.9856  0.9878


Epoch-40 0.8647  0.9642  0.9765  0.9815  0.9843  0.9868


