Epoch-10 0.8171  0.9483  0.9655  0.9730  0.9774  0.9809


Epoch-15 0.8259  0.9543  0.9686  0.9759  0.9795  0.9815


Epoch-20 0.8486  0.9610  0.9738  0.9795  0.9823  0.9842


Epoch-20 0.8486  0.9610  0.9738  0.9795  0.9823  0.9842


Epoch-25 0.8493  0.9601  0.9729  0.9774  0.9812  0.9833


Epoch-30 0.8496  0.9602  0.9728  0.9790  0.9814  0.9838


Epoch-35 0.8594  0.9626  0.9751  0.9808  0.9840  0.9863


Epoch-35 0.8739  0.9692  0.9793  0.9840  0.9868  0.9883


Epoch-40 0.8806  0.9719  0.9807  0.9845  0.9871  0.9889


Epoch-45 0.8813  0.9721  0.9823  0.9855  0.9876  0.9890


Epoch-50 0.8841  0.9738  0.9818  0.9856  0.9876  0.9894


Epoch-55 0.8825  0.9731  0.9819  0.9861  0.9879  0.9897


Epoch-60 0.8799  0.9698  0.9807  0.9850  0.9872  0.9888


Epoch-65 0.8786  0.9712  0.9804  0.9851  0.9867  0.9886


Epoch-70 0.8866  0.9720  0.9812  0.9853  0.9873  0.9887


