Epoch-40 0.8365  0.9444  0.9600  0.9679  0.9733  0.9762
Epoch-60 0.8586  0.9532  0.9679  0.9750  0.9778  0.9804
Epoch-80 0.8643  0.9548  0.9700  0.9755  0.9789  0.9811
Epoch-100 0.8717  0.9597  0.9724  0.9775  0.9807  0.9830
Epoch-120 0.8759  0.9624  0.9729  0.9789  0.9823  0.9846
Epoch-140 0.8767  0.9631  0.9739  0.9793  0.9823  0.9848
Epoch-160 0.8786  0.9630  0.9744  0.9791  0.9830  0.9853
Epoch-180 0.8762  0.9630  0.9743  0.9793  0.9827  0.9844
Epoch-200 0.8776  0.9648  0.9748  0.9803  0.9830  0.9854
Epoch-40 0.8467  0.9501  0.9656  0.9718  0.9760  0.9790
Epoch-60 0.8562  0.9555  0.9689  0.9758  0.9792  0.9813
Epoch-80 0.8655  0.9572  0.9703  0.9758  0.9802  0.9823
Epoch-100 0.8659  0.9581  0.9712  0.9771  0.9802  0.9829
Epoch-120 0.8741  0.9648  0.9750  0.9800  0.9835  0.9855
Epoch-140 0.8754  0.9648  0.9752  0.9803  0.9841  0.9853
Epoch-160 0.8753  0.9645  0.9750  0.9807  0.9838  0.9857
Epoch-180 0.8740  0.9651  0.9755  0.9808  0.9838  0.9856
Epoch-200 0.8740  0.9643  0.9748  0.9794  0.9829  0.9854
