Epoch-40 0.8417  0.9489  0.9656  0.9734  0.9778  0.9802
Epoch-60 0.8604  0.9585  0.9716  0.9766  0.9805  0.9825
Epoch-80 0.8675  0.9604  0.9729  0.9786  0.9813  0.9833
Epoch-100 0.8732  0.9636  0.9750  0.9802  0.9829  0.9856
Epoch-120 0.8780  0.9650  0.9755  0.9813  0.9838  0.9859
Epoch-140 0.8791  0.9657  0.9759  0.9810  0.9837  0.9857
Epoch-160 0.8792  0.9666  0.9766  0.9803  0.9838  0.9855
Epoch-180 0.8790  0.9661  0.9766  0.9812  0.9843  0.9861
Epoch-200 0.8813  0.9667  0.9771  0.9809  0.9843  0.9861
Epoch-40 0.8510  0.9541  0.9695  0.9757  0.9800  0.9823
Epoch-60 0.8595  0.9578  0.9715  0.9779  0.9807  0.9834
Epoch-80 0.8688  0.9605  0.9731  0.9780  0.9821  0.9846
Epoch-100 0.8669  0.9596  0.9726  0.9793  0.9823  0.9838
Epoch-120 0.8745  0.9652  0.9748  0.9820  0.9844  0.9864
Epoch-140 0.8737  0.9648  0.9759  0.9815  0.9851  0.9864
Epoch-160 0.8742  0.9653  0.9757  0.9819  0.9850  0.9867
Epoch-180 0.8747  0.9645  0.9764  0.9822  0.9854  0.9867
Epoch-200 0.8747  0.9636  0.9762  0.9823  0.9848  0.9860
