Load Done!!
Epoch-5 0.6745  0.8898  0.9213  0.9378  0.9465  0.9541
Epoch-10 0.7495  0.9236  0.9494  0.9612  0.9672  0.9707
Epoch-15 0.7811  0.9385  0.9580  0.9658  0.9713  0.9755
Epoch-20 0.8045  0.9484  0.9662  0.9731  0.9766  0.9795
Epoch-25 0.8214  0.9520  0.9679  0.9745  0.9786  0.9813
Epoch-30 0.8308  0.9578  0.9710  0.9768  0.9807  0.9835
Epoch-35 0.8308  0.9572  0.9720  0.9775  0.9815  0.9848
Epoch-40 0.8421  0.9605  0.9740  0.9799  0.9830  0.9854
Epoch-45 0.8491  0.9621  0.9755  0.9811  0.9841  0.9866


Epoch-50 0.8524  0.9637  0.9756  0.9813  0.9849  0.9873


Epoch-55 0.8588  0.9668  0.9776  0.9825  0.9847  0.9871


Epoch-60 0.8614  0.9669  0.9776  0.9833  0.9854  0.9878


Epoch-65 0.8596  0.9657  0.9772  0.9828  0.9851  0.9867


Epoch-70 0.8677  0.9681  0.9791  0.9838  0.9866  0.9886


Epoch-75 0.8726  0.9702  0.9807  0.9851  0.9876  0.9889


Epoch-80 0.8709  0.9694  0.9799  0.9844  0.9869  0.9885


