0.27167510986328125
Epoch-200 0.6666  0.7721  0.8476  0.9082
0.28991127014160156
Epoch-250 0.6754  0.7757  0.8493  0.9090
0.2717771530151367
Epoch-300 0.6764  0.7743  0.8493  0.9094
0.24485039710998535
Epoch-400 0.6742  0.7762  0.8520  0.9104
0.34511899948120117
Epoch-500 0.6735  0.7723  0.8504  0.9088
0.2843813896179199
Epoch-700 0.6725  0.7746  0.8498  0.9102
0.3052544593811035
Epoch-800 0.6707  0.7762  0.8511  0.9127
0.3069884777069092
Epoch-900 0.6708  0.7770  0.8533  0.9114
0.2875087261199951
Epoch-1000 0.6715  0.7782  0.8523  0.9112
