0.2403883934020996
Epoch-200 0.6435  0.7532  0.8356  0.8942
0.28303050994873047
Epoch-250 0.6501  0.7571  0.8374  0.8953
0.23529434204101562
Epoch-300 0.6448  0.7576  0.8383  0.8947
0.2973668575286865
Epoch-400 0.6453  0.7593  0.8376  0.8964
0.27631402015686035
Epoch-500 0.6492  0.7586  0.8342  0.8945
0.25218749046325684
Epoch-700 0.6477  0.7571  0.8371  0.8967
0.25879502296447754
Epoch-800 0.6455  0.7603  0.8373  0.8975
0.2778050899505615
Epoch-900 0.6464  0.7598  0.8406  0.8957
0.27427172660827637
Epoch-1000 0.6477  0.7622  0.8398  0.8970
