0.5025579929351807
Epoch-200 0.6494  0.7579  0.8398  0.8997
0.3110496997833252
Epoch-400 0.6607  0.7667  0.8471  0.9048
0.3463094234466553
Epoch-600 0.6690  0.7750  0.8501  0.9068
0.4505155086517334
Epoch-200 0.6494  0.7579  0.8398  0.8997
0.47582316398620605
Epoch-800 0.6669  0.7730  0.8488  0.9077
0.425051212310791
Epoch-400 0.6607  0.7667  0.8471  0.9048
0.4452342987060547
Epoch-1000 0.6658  0.7701  0.8479  0.9083
0.40782761573791504
Epoch-600 0.6690  0.7750  0.8501  0.9068
0.3112337589263916
Epoch-800 0.6669  0.7730  0.8488  0.9077
0.4322011470794678
Epoch-1000 0.6658  0.7701  0.8479  0.9083
