Base lr = 1e-5

Epoch-50 0.6313  0.7448  0.8368  0.9046

Epoch-100 0.6583  0.7632  0.8467  0.9060

Epoch-150 0.6680  0.7770  0.8575  0.9134

Epoch-200 0.6634  0.7765  0.8565  0.9166

Epoch-250 0.6764  0.7848  0.8633  0.9188

Epoch-300 0.6791  0.7827  0.8653  0.9154

Epoch-350 0.6783  0.7868  0.8629  0.9168

Epoch-400 0.6722  0.7806  0.8617  0.9168

Lr /10

Epoch-350 0.6766  0.7860  0.8601  0.9169

Epoch-400 0.6783  0.7887  0.8619  0.9173

Epoch-450 0.6776  0.7858  0.8599  0.9180

Epoch-500 0.6805  0.7838  0.8621  0.9163

Epoch-550 0.6776  0.7833  0.8631  0.9175

Epoch-600 0.6798  0.7854  0.8623  0.9195

Epoch-650 0.6783  0.7843  0.8643  0.9190

Epoch-700 0.6847  0.7849  0.8641  0.9207

Epoch-750 0.6811  0.7838  0.8614  0.9195

