Epoch-50 0.5967  0.7110  0.7991  0.8692
Epoch-100 0.5663  0.6796  0.7703  0.8482
Epoch-200 0.5945  0.7068  0.7946  0.8634
Epoch-300 0.5611  0.6756  0.7792  0.8535
Epoch-350 0.5309  0.6501  0.7562  0.8349
Epoch-400 0.5154  0.6300  0.7404  0.8255
Epoch-450 0.5147  0.6215  0.7297  0.8163
Epoch-500 0.4931  0.6129  0.7223  0.8067
Epoch-550 0.5091  0.6209  0.7254  0.8121
Epoch-600 0.4872  0.6117  0.7156  0.8049
Epoch-650 0.5025  0.6204  0.7205  0.8128
Epoch-700 0.5111  0.6246  0.7265  0.8162
Epoch-750 0.5046  0.6290  0.7335  0.8163
Epoch-800 0.4931  0.6089  0.7173  0.8042
Epoch-50 0.6226  0.7375  0.8309  0.8933
Epoch-100 0.6408  0.7480  0.8270  0.8943
Epoch-200 0.5998  0.7110  0.8094  0.8808
Epoch-300 0.5901  0.7080  0.7944  0.8612
Epoch-350 0.6008  0.7124  0.8059  0.8724
Epoch-400 0.5819  0.7019  0.7925  0.8641
Epoch-450 0.5538  0.6798  0.7795  0.8570
Epoch-500 0.5292  0.6406  0.7390  0.8187
Epoch-550 0.5338  0.6570  0.7664  0.8477
Epoch-600 0.5483  0.6644  0.7618  0.8406
Epoch-650 0.5513  0.6700  0.7657  0.8412
Epoch-700 0.5517  0.6703  0.7615  0.8381
Epoch-750 0.5456  0.6653  0.7627  0.8364
Epoch-800 0.5498  0.6681  0.7637  0.8374
Epoch-50 0.6398  0.7492  0.8363  0.8962
Epoch-100 0.6310  0.7411  0.8275  0.8918
Epoch-200 0.6437  0.7515  0.8395  0.9001
Epoch-300 0.6452  0.7551  0.8358  0.8947
Epoch-350 0.6428  0.7493  0.8342  0.8952
Epoch-400 0.6460  0.7514  0.8325  0.8943
Epoch-450 0.6398  0.7466  0.8278  0.8908
Epoch-500 0.6320  0.7395  0.8248  0.8937
Epoch-550 0.6226  0.7400  0.8221  0.8839
Epoch-600 0.6371  0.7476  0.8278  0.8893
Epoch-650 0.6369  0.7458  0.8292  0.8904
Epoch-700 0.6330  0.7486  0.8275  0.8871
Epoch-750 0.6334  0.7449  0.8282  0.8891
Epoch-800 0.6288  0.7394  0.8236  0.8857
