http://img30.360buyimg.com/shaidan/jfs/t19339/347/105773454/71784/6ee739d4/5a5d7720N643cc33e.jpg 243 76 962 679 http://img14.360buyimg.com/img/jfs/t7405/299/3458322235/257961/72fa99e9/59ef02ceN5d836071.jpg 212 224 714 680 2

Epoch-10 0.4750  0.5573  0.6300  0.7053
http://img30.360buyimg.com/shaidan/jfs/t19339/347/105773454/71784/6ee739d4/5a5d7720N643cc33e.jpg 243 76 962 679 http://img14.360buyimg.com/img/jfs/t7405/299/3458322235/257961/72fa99e9/59ef02ceN5d836071.jpg 212 224 714 680 2

Epoch-20 0.5152  0.5962  0.6753  0.7485
Epoch-0 0.3340  0.3942  0.4592  0.5248
Epoch-30 0.5302  0.6118  0.6895  0.7668
Epoch-40 0.5450  0.6312  0.7063  0.7762
Epoch-60 0.5475  0.6285  0.7153  0.7880
Epoch-0 0.3340  0.3942  0.4592  0.5248
Epoch-40 0.5450  0.6312  0.7063  0.7762
Epoch-60 0.5475  0.6285  0.7153  0.7880
Epoch-80 0.5610  0.6440  0.7232  0.7923
Epoch-100 0.5553  0.6362  0.7225  0.7900
Epoch-120 0.5495  0.6385  0.7248  0.7957
Epoch-140 0.5457  0.6390  0.7210  0.7940
Epoch-160 0.5463  0.6315  0.7095  0.7837
Epoch-180 0.5433  0.6355  0.7153  0.7823
Epoch-200 0.5337  0.6172  0.7050  0.7735
