http://img30.360buyimg.com/shaidan/jfs/t19339/347/105773454/71784/6ee739d4/5a5d7720N643cc33e.jpg 243 76 962 679 http://img14.360buyimg.com/img/jfs/t7405/299/3458322235/257961/72fa99e9/59ef02ceN5d836071.jpg 212 224 714 680 2

Epoch-40 0.5343  0.6175  0.6920  0.7630
http://img30.360buyimg.com/shaidan/jfs/t19339/347/105773454/71784/6ee739d4/5a5d7720N643cc33e.jpg 243 76 962 679 http://img14.360buyimg.com/img/jfs/t7405/299/3458322235/257961/72fa99e9/59ef02ceN5d836071.jpg 212 224 714 680 2

Epoch-60 0.5383  0.6230  0.7005  0.7690
http://img30.360buyimg.com/shaidan/jfs/t19339/347/105773454/71784/6ee739d4/5a5d7720N643cc33e.jpg 243 76 962 679 http://img14.360buyimg.com/img/jfs/t7405/299/3458322235/257961/72fa99e9/59ef02ceN5d836071.jpg 212 224 714 680 2

Epoch-80 0.5470  0.6342  0.7157  0.7752
http://img30.360buyimg.com/shaidan/jfs/t19339/347/105773454/71784/6ee739d4/5a5d7720N643cc33e.jpg 243 76 962 679 http://img14.360buyimg.com/img/jfs/t7405/299/3458322235/257961/72fa99e9/59ef02ceN5d836071.jpg 212 224 714 680 2

Epoch-100 0.5567  0.6370  0.7225  0.7873
