Epoch-10 0.4965  0.5775  0.6518  0.7215


Epoch-20 0.5222  0.6030  0.6800  0.7485


Epoch-25 0.5387  0.6195  0.6925  0.7590


Epoch-30 0.5292  0.6225  0.6935  0.7590


Epoch-35 0.5425  0.6285  0.7063  0.7620


Epoch-40 0.5403  0.6300  0.7065  0.7692


Epoch-45 0.5407  0.6292  0.7087  0.7698


Epoch-50 0.5485  0.6300  0.7103  0.7782


Epoch-55 0.5535  0.6335  0.7105  0.7730


Epoch-60 0.5537  0.6360  0.7125  0.7788


Epoch-70 0.5473  0.6320  0.7107  0.7782


Epoch-80 0.5553  0.6302  0.7137  0.7810


